0 5
0.010101 4.95959
0.020202 4.91918
0.030303 4.87877
0.040404 4.83836
0.0505051 4.79795
0.0606061 4.75755
0.0707071 4.71714
0.0808081 4.67673
0.0909091 4.63632
0.10101 4.59591
0.111111 4.5555
0.121212 4.51509
0.131313 4.47468
0.141414 4.43427
0.151515 4.39387
0.161616 4.35346
0.171717 4.31305
0.181818 4.27264
0.191919 4.23223
0.20202 4.19182
0.212121 4.15142
0.222222 4.11101
0.232323 4.0706
0.242424 4.03019
0.252525 3.98978
0.262626 3.94938
0.272727 3.90897
0.282828 3.86856
0.292929 3.82816
0.30303 3.78775
0.313131 3.74734
0.323232 3.70693
0.333333 3.66653
0.343434 3.62612
0.353535 3.58572
0.363636 3.54531
0.373737 3.5049
0.383838 3.4645
0.393939 3.42409
0.40404 3.38369
0.414141 3.34328
0.424242 3.30288
0.434343 3.26247
0.444444 3.22207
0.454545 3.18166
0.464646 3.14126
0.474747 3.10085
0.484848 3.06045
0.494949 3.02004
0.505051 2.97964
0.515152 2.93924
0.525253 2.89883
0.535354 2.85843
0.545455 2.81802
0.555556 2.77762
0.565657 2.73722
0.575758 2.69682
0.585859 2.65641
0.59596 2.61601
0.606061 2.57561
0.616162 2.53521
0.626263 2.4948
0.636364 2.4544
0.646465 2.414
0.656566 2.3736
0.666667 2.3332
0.676768 2.2928
0.686869 2.25239
0.69697 2.21199
0.707071 2.17159
0.717172 2.13119
0.727273 2.09079
0.737374 2.05039
0.747475 2.00999
0.757576 1.96959
0.767677 1.92919
0.777778 1.88879
0.787879 1.84839
0.79798 1.80799
0.808081 1.76759
0.818182 1.72719
0.828283 1.68679
0.838384 1.64639
0.848485 1.60599
0.858586 1.56559
0.868687 1.52519
0.878788 1.48479
0.888889 1.44439
0.89899 1.40399
0.909091 1.36359
0.919192 1.32319
0.929293 1.28279
0.939394 1.24239
0.949495 1.202
0.959596 1.1616
0.969697 1.1212
0.979798 1.0808
0.989899 1.0404
1 1
